1001000100 000010100000 00000 00100	96	ADDI	R4, R0, #160
1001000100 000000001010 00000 00000	100	ADDI	R0, R0, #10
1001000100 000000000001 00000 00010	104	ADDI	R2, R0, #1
11111000000 000000001 00 00100 00010	108	STUR	R2, [R4, #1]
11111000010 000000001 00 00100 00001	112	LDUR	R1, [R4, #1]
1001000100 000000000101 00001 00000	116	ADDI	R0, R1, #5
11001011000 00010 000000 00001 00011	120	SUB	R3, R1, R2
00000000 000 00000 00000 00000 000000	124	NOP
00000000 000 00000 00000 00000 000000	128	NOP
00000000 000 00000 00000 00000 000000	132	NOP
00000000 000 00000 00000 00000 000000	136	NOP
00000000 000 00000 00000 00000 000000	140	NOP
00000000 000 00000 00000 00000 000000	144	NOP
00000000 000 00000 00000 00000 000000	148	NOP
00000000 000 00000 00000 00000 000000	152	NOP
00000000 000 00000 00000 00000 000000	156	NOP
00000000 000 00000 00000 00000 000000	160	NOP
00000000 000 00000 00000 00000 000000	164	NOP
000101 00000000000000000000000010	168	B	#2
000101 11111111111111111111110011	172	B	#-13
00000000 000 00000 00000 00000 000000	176	NOP
00000000 000 00000 00000 00000 000000	180	NOP
00000000 000 00000 00000 00000 000000	184	NOP
00000000 000 00000 00000 00000 000000	188	NOP
00000000 000 00000 00000 00000 000000	192	NOP
00000000 000 00000 00000 00000 000000	196	NOP
000101 00000000000000000000000010	200	B	#2
000101 00000000000000000000000101	204	B	#5
00000000 000 00000 00000 00000 000000	208	NOP
00000000 000 00000 00000 00000 000000	212	NOP
00000000 000 00000 00000 00000 000000	216	NOP
000101 11111111111111111111111100	220	B	#-4
00000000 000 00000 00000 00000 000000	224	NOP
11111110 110 11110 11111 11111 100111	228	BREAK
00000000000000000000000000000001	232	1
00000000000000000000000000000010	236	2
00000000000000000000000000000001	240	1
00000000000000000000000000000010	244	2
00000000000000000000000000000001	248	1
00000000000000000000000000000110	252	6
00000000000000000000000000000111	256	7
00000000000000000000000000000010	260	2
00000000000000000000000000000001	264	1
00000000000000000000000000000110	268	6
00000000000000000000000000000111	272	7
