=====================
cycle:1	96	ADDI	R4, R0, #160

registers:
r00:	0	0	0	0	160	0	0	0
r08:	0	0	0	0	0	0	0	0
r16:	0	0	0	0	0	0	0	0
r24:	0	0	0	0	0	0	0	0

data:
236:1	2	1	2	1	6	7	2
268:1	6	7	0	0	0	0	0
300:0	0	0	0	0	0	0	0
=====================
cycle:2	100	ADDI	R0, R0, #10

registers:
r00:	10	0	0	0	160	0	0	0
r08:	0	0	0	0	0	0	0	0
r16:	0	0	0	0	0	0	0	0
r24:	0	0	0	0	0	0	0	0

data:
236:1	2	1	2	1	6	7	2
268:1	6	7	0	0	0	0	0
300:0	0	0	0	0	0	0	0
=====================
cycle:3	104	ADDI	R2, R0, #1

registers:
r00:	10	0	11	0	160	0	0	0
r08:	0	0	0	0	0	0	0	0
r16:	0	0	0	0	0	0	0	0
r24:	0	0	0	0	0	0	0	0

data:
236:1	2	1	2	1	6	7	2
268:1	6	7	0	0	0	0	0
300:0	0	0	0	0	0	0	0
=====================
cycle:4	108	STUR	R2, [R4, #1]

registers:
r00:	10	0	11	0	160	0	0	0
r08:	0	0	0	0	0	0	0	0
r16:	0	0	0	0	0	0	0	0
r24:	0	0	0	0	0	0	0	0

data:
236:1	2	1	2	1	6	7	2
268:1	6	7	0	0	0	0	0
300:0	11	0	0	0	0	0	0
=====================
cycle:5	112	LDUR	R1, [R4, #1]

registers:
r00:	10	11	11	0	160	0	0	0
r08:	0	0	0	0	0	0	0	0
r16:	0	0	0	0	0	0	0	0
r24:	0	0	0	0	0	0	0	0

data:
236:1	2	1	2	1	6	7	2
268:1	6	7	0	0	0	0	0
300:0	11	0	0	0	0	0	0
=====================
cycle:6	116	ADDI	R0, R1, #5

registers:
r00:	16	11	11	0	160	0	0	0
r08:	0	0	0	0	0	0	0	0
r16:	0	0	0	0	0	0	0	0
r24:	0	0	0	0	0	0	0	0

data:
236:1	2	1	2	1	6	7	2
268:1	6	7	0	0	0	0	0
300:0	11	0	0	0	0	0	0
=====================
cycle:1	96	ADDI	R4, R0, #160

registers:
r00:	0	0	0	0	160	0	0	0
r08:	0	0	0	0	0	0	0	0
r16:	0	0	0	0	0	0	0	0
r24:	0	0	0	0	0	0	0	0

data:
232:1	2	1	2	1	6	7	2
264:1	6	7	0	0	0	0	0
296:0	0	0	0	0	0	0	0
=====================
cycle:2	100	ADDI	R0, R0, #10

registers:
r00:	10	0	0	0	160	0	0	0
r08:	0	0	0	0	0	0	0	0
r16:	0	0	0	0	0	0	0	0
r24:	0	0	0	0	0	0	0	0

data:
232:1	2	1	2	1	6	7	2
264:1	6	7	0	0	0	0	0
296:0	0	0	0	0	0	0	0
=====================
cycle:3	104	ADDI	R2, R0, #1

registers:
r00:	10	0	11	0	160	0	0	0
r08:	0	0	0	0	0	0	0	0
r16:	0	0	0	0	0	0	0	0
r24:	0	0	0	0	0	0	0	0

data:
232:1	2	1	2	1	6	7	2
264:1	6	7	0	0	0	0	0
296:0	0	0	0	0	0	0	0
=====================
cycle:4	108	STUR	R2, [R4, #1]

registers:
r00:	10	0	11	0	160	0	0	0
r08:	0	0	0	0	0	0	0	0
r16:	0	0	0	0	0	0	0	0
r24:	0	0	0	0	0	0	0	0

data:
232:1	2	1	2	1	6	7	2
264:1	6	7	0	0	0	0	0
296:0	0	11	0	0	0	0	0
=====================
cycle:5	112	LDUR	R1, [R4, #1]

registers:
r00:	10	11	11	0	160	0	0	0
r08:	0	0	0	0	0	0	0	0
r16:	0	0	0	0	0	0	0	0
r24:	0	0	0	0	0	0	0	0

data:
232:1	2	1	2	1	6	7	2
264:1	6	7	0	0	0	0	0
296:0	0	11	0	0	0	0	0
=====================
cycle:6	116	ADDI	R0, R1, #5

registers:
r00:	16	11	11	0	160	0	0	0
r08:	0	0	0	0	0	0	0	0
r16:	0	0	0	0	0	0	0	0
r24:	0	0	0	0	0	0	0	0

data:
232:1	2	1	2	1	6	7	2
264:1	6	7	0	0	0	0	0
296:0	0	11	0	0	0	0	0
=====================
cycle:7	120	SUB	R3, R1, R2

registers:
r00:	16	11	11	0	160	0	0	0
r08:	0	0	0	0	0	0	0	0
r16:	0	0	0	0	0	0	0	0
r24:	0	0	0	0	0	0	0	0

data:
232:1	2	1	2	1	6	7	2
264:1	6	7	0	0	0	0	0
296:0	0	11	0	0	0	0	0
=====================
cycle:8	124	NOP

registers:
r00:	16	11	11	0	160	0	0	0
r08:	0	0	0	0	0	0	0	0
r16:	0	0	0	0	0	0	0	0
r24:	0	0	0	0	0	0	0	0

data:
232:1	2	1	2	1	6	7	2
264:1	6	7	0	0	0	0	0
296:0	0	11	0	0	0	0	0
=====================
cycle:9	128	NOP

registers:
r00:	16	11	11	0	160	0	0	0
r08:	0	0	0	0	0	0	0	0
r16:	0	0	0	0	0	0	0	0
r24:	0	0	0	0	0	0	0	0

data:
232:1	2	1	2	1	6	7	2
264:1	6	7	0	0	0	0	0
296:0	0	11	0	0	0	0	0
=====================
cycle:10	132	NOP

registers:
r00:	16	11	11	0	160	0	0	0
r08:	0	0	0	0	0	0	0	0
r16:	0	0	0	0	0	0	0	0
r24:	0	0	0	0	0	0	0	0

data:
232:1	2	1	2	1	6	7	2
264:1	6	7	0	0	0	0	0
296:0	0	11	0	0	0	0	0
=====================
cycle:11	136	NOP

registers:
r00:	16	11	11	0	160	0	0	0
r08:	0	0	0	0	0	0	0	0
r16:	0	0	0	0	0	0	0	0
r24:	0	0	0	0	0	0	0	0

data:
232:1	2	1	2	1	6	7	2
264:1	6	7	0	0	0	0	0
296:0	0	11	0	0	0	0	0
=====================
cycle:12	140	NOP

registers:
r00:	16	11	11	0	160	0	0	0
r08:	0	0	0	0	0	0	0	0
r16:	0	0	0	0	0	0	0	0
r24:	0	0	0	0	0	0	0	0

data:
232:1	2	1	2	1	6	7	2
264:1	6	7	0	0	0	0	0
296:0	0	11	0	0	0	0	0
=====================
cycle:13	144	NOP

registers:
r00:	16	11	11	0	160	0	0	0
r08:	0	0	0	0	0	0	0	0
r16:	0	0	0	0	0	0	0	0
r24:	0	0	0	0	0	0	0	0

data:
232:1	2	1	2	1	6	7	2
264:1	6	7	0	0	0	0	0
296:0	0	11	0	0	0	0	0
=====================
cycle:14	148	NOP

registers:
r00:	16	11	11	0	160	0	0	0
r08:	0	0	0	0	0	0	0	0
r16:	0	0	0	0	0	0	0	0
r24:	0	0	0	0	0	0	0	0

data:
232:1	2	1	2	1	6	7	2
264:1	6	7	0	0	0	0	0
296:0	0	11	0	0	0	0	0
=====================
cycle:15	152	NOP

registers:
r00:	16	11	11	0	160	0	0	0
r08:	0	0	0	0	0	0	0	0
r16:	0	0	0	0	0	0	0	0
r24:	0	0	0	0	0	0	0	0

data:
232:1	2	1	2	1	6	7	2
264:1	6	7	0	0	0	0	0
296:0	0	11	0	0	0	0	0
=====================
cycle:16	156	NOP

registers:
r00:	16	11	11	0	160	0	0	0
r08:	0	0	0	0	0	0	0	0
r16:	0	0	0	0	0	0	0	0
r24:	0	0	0	0	0	0	0	0

data:
232:1	2	1	2	1	6	7	2
264:1	6	7	0	0	0	0	0
296:0	0	11	0	0	0	0	0
=====================
cycle:17	160	NOP

registers:
r00:	16	11	11	0	160	0	0	0
r08:	0	0	0	0	0	0	0	0
r16:	0	0	0	0	0	0	0	0
r24:	0	0	0	0	0	0	0	0

data:
232:1	2	1	2	1	6	7	2
264:1	6	7	0	0	0	0	0
296:0	0	11	0	0	0	0	0
=====================
cycle:18	164	NOP

registers:
r00:	16	11	11	0	160	0	0	0
r08:	0	0	0	0	0	0	0	0
r16:	0	0	0	0	0	0	0	0
r24:	0	0	0	0	0	0	0	0

data:
232:1	2	1	2	1	6	7	2
264:1	6	7	0	0	0	0	0
296:0	0	11	0	0	0	0	0
=====================
cycle:19	168	B	#2

registers:
r00:	16	11	11	0	160	0	0	0
r08:	0	0	0	0	0	0	0	0
r16:	0	0	0	0	0	0	0	0
r24:	0	0	0	0	0	0	0	0

data:
232:1	2	1	2	1	6	7	2
264:1	6	7	0	0	0	0	0
296:0	0	11	0	0	0	0	0
=====================
cycle:20	176	NOP

registers:
r00:	16	11	11	0	160	0	0	0
r08:	0	0	0	0	0	0	0	0
r16:	0	0	0	0	0	0	0	0
r24:	0	0	0	0	0	0	0	0

data:
232:1	2	1	2	1	6	7	2
264:1	6	7	0	0	0	0	0
296:0	0	11	0	0	0	0	0
=====================
cycle:21	180	NOP

registers:
r00:	16	11	11	0	160	0	0	0
r08:	0	0	0	0	0	0	0	0
r16:	0	0	0	0	0	0	0	0
r24:	0	0	0	0	0	0	0	0

data:
232:1	2	1	2	1	6	7	2
264:1	6	7	0	0	0	0	0
296:0	0	11	0	0	0	0	0
=====================
cycle:22	184	NOP

registers:
r00:	16	11	11	0	160	0	0	0
r08:	0	0	0	0	0	0	0	0
r16:	0	0	0	0	0	0	0	0
r24:	0	0	0	0	0	0	0	0

data:
232:1	2	1	2	1	6	7	2
264:1	6	7	0	0	0	0	0
296:0	0	11	0	0	0	0	0
=====================
cycle:23	188	NOP

registers:
r00:	16	11	11	0	160	0	0	0
r08:	0	0	0	0	0	0	0	0
r16:	0	0	0	0	0	0	0	0
r24:	0	0	0	0	0	0	0	0

data:
232:1	2	1	2	1	6	7	2
264:1	6	7	0	0	0	0	0
296:0	0	11	0	0	0	0	0
=====================
cycle:24	192	NOP

registers:
r00:	16	11	11	0	160	0	0	0
r08:	0	0	0	0	0	0	0	0
r16:	0	0	0	0	0	0	0	0
r24:	0	0	0	0	0	0	0	0

data:
232:1	2	1	2	1	6	7	2
264:1	6	7	0	0	0	0	0
296:0	0	11	0	0	0	0	0
=====================
cycle:25	196	NOP

registers:
r00:	16	11	11	0	160	0	0	0
r08:	0	0	0	0	0	0	0	0
r16:	0	0	0	0	0	0	0	0
r24:	0	0	0	0	0	0	0	0

data:
232:1	2	1	2	1	6	7	2
264:1	6	7	0	0	0	0	0
296:0	0	11	0	0	0	0	0
=====================
cycle:26	200	B	#2

registers:
r00:	16	11	11	0	160	0	0	0
r08:	0	0	0	0	0	0	0	0
r16:	0	0	0	0	0	0	0	0
r24:	0	0	0	0	0	0	0	0

data:
232:1	2	1	2	1	6	7	2
264:1	6	7	0	0	0	0	0
296:0	0	11	0	0	0	0	0
=====================
cycle:27	208	NOP

registers:
r00:	16	11	11	0	160	0	0	0
r08:	0	0	0	0	0	0	0	0
r16:	0	0	0	0	0	0	0	0
r24:	0	0	0	0	0	0	0	0

data:
232:1	2	1	2	1	6	7	2
264:1	6	7	0	0	0	0	0
296:0	0	11	0	0	0	0	0
=====================
cycle:28	212	NOP

registers:
r00:	16	11	11	0	160	0	0	0
r08:	0	0	0	0	0	0	0	0
r16:	0	0	0	0	0	0	0	0
r24:	0	0	0	0	0	0	0	0

data:
232:1	2	1	2	1	6	7	2
264:1	6	7	0	0	0	0	0
296:0	0	11	0	0	0	0	0
=====================
cycle:29	216	NOP

registers:
r00:	16	11	11	0	160	0	0	0
r08:	0	0	0	0	0	0	0	0
r16:	0	0	0	0	0	0	0	0
r24:	0	0	0	0	0	0	0	0

data:
232:1	2	1	2	1	6	7	2
264:1	6	7	0	0	0	0	0
296:0	0	11	0	0	0	0	0
=====================
cycle:30	220	B	#-4

registers:
r00:	16	11	11	0	160	0	0	0
r08:	0	0	0	0	0	0	0	0
r16:	0	0	0	0	0	0	0	0
r24:	0	0	0	0	0	0	0	0

data:
232:1	2	1	2	1	6	7	2
264:1	6	7	0	0	0	0	0
296:0	0	11	0	0	0	0	0
=====================
cycle:31	204	B	#5

registers:
r00:	16	11	11	0	160	0	0	0
r08:	0	0	0	0	0	0	0	0
r16:	0	0	0	0	0	0	0	0
r24:	0	0	0	0	0	0	0	0

data:
232:1	2	1	2	1	6	7	2
264:1	6	7	0	0	0	0	0
296:0	0	11	0	0	0	0	0
=====================
cycle:32	224	NOP

registers:
r00:	16	11	11	0	160	0	0	0
r08:	0	0	0	0	0	0	0	0
r16:	0	0	0	0	0	0	0	0
r24:	0	0	0	0	0	0	0	0

data:
232:1	2	1	2	1	6	7	2
264:1	6	7	0	0	0	0	0
296:0	0	11	0	0	0	0	0
=====================
cycle:33	228	BREAK

registers:
r00:	16	11	11	0	160	0	0	0
r08:	0	0	0	0	0	0	0	0
r16:	0	0	0	0	0	0	0	0
r24:	0	0	0	0	0	0	0	0

data:
232:1	2	1	2	1	6	7	2
264:1	6	7	0	0	0	0	0
296:0	0	11	0	0	0	0	0
